5310201000100000800000101036107145202229199000010000000000010100000000102000500070902011007698      
5310201000100000800000101046208115312135800000010000000000010100000000102000500080902011007698      
5310201000100000800000101047209115312135800000010000000000010100000000102000500090902011007698      
5310201000100000800000101048210115312135800000010000000000010100000000102000500100902011007698      
53102010001000009000001  0231  145202235182000010000000000010100000000102000500010902011007699      
53102010001000009000001  0322  175112119999000010000000000010000000000012000500020902011007699      
53102010001000009000001  0472  180212119999000120030000000150000000000011000500050902011007699      
53102010001000009000001  0482  180102119999000030000000000030000000000012000500060902011007699      
53102010001000009000001  0502  140102119999000040000000000040000000000012000500070902011007699      
53102010001000009000001  0512  115312135800000010000000000010100000000102000500080902011007699      
53102010001000009000001  0522  115312135800000010000000000010100000000102000500090902011007699      
53102010001000009000001  0552  175232119999000210000000000210000000000011000500100902011007699      
5310201000100001000000100015201185112119900000020010000000030000000000012000500010902011007700      
5310201000100001000000100021102145202235199000010000000000010100000000102000500020902011007700      
5420211091400023000020602160214193012138277000010000000000010100000000122001600291002112000211      
5420211091400014000030503143138160232138499000030000000000030100000000112001300381002112000267      
5310212000101949200000101040204117252135100000010000000000010100000000102000700041002121003223      
53102120002019574000001010152  191912129100000010000000000010000000000002000300021002121003253      
5310212000301967900000101016203117252136100000010000000000010100000000102000900031002121003282      
5310212000301968400000101062105160232135499000020000000000020100000000122000900051002121003287      
5310212000401977300000101076206152202135177000010010000000020000000000002001500061002121003310      